3637540459146593639
8408462746465814643
3637540459146593639
5109470997758484265
3364542905610852267
8450407968639461859
3637540459146593639
150346237738035192
7417221384466648551
1197105577798542682
150346237738035192
150346237738035192
3637540459146593639
4835695807260479501
2697991130498458712
7101201746112569637
150346237738035192
7449943748619623145
150346237738035192
793725101485052109
8210946490246667956
184680029042951182
2197744665398314561
3637540459146593639
7417221384466648551
184680029042951182
150346237738035192
362297221456834044
8585205036144287489
6811776745761651178
6344401510022084502
3637540459146593639
3046822245052924652
3046822245052924652
8821862535400836271
7919891211012442604
8585205036144287489
8585205036144287489
4450190830532737859
8486685203742449322
5912924844580054313
6344401510022084502
2835798355540162428
3637540459146593639
5132287770997008481
8363790042945400668
8363790042945400668
150346237738035192
6312891028436039147
3400321001353412101
5390954890723507968
6752878145256391226
3637540459146593639
7449943748619623145
5109470997758484265
1197105577798542682
150346237738035192
6055730836111072936
3637540459146593639
1244255131113302804
184680029042951182
4255852689972405067
6969003146762944827
9223312736580208164
1157242432596349193
8486685203742449322
3637540459146593639
5477688518344384784
3612704719109193267
3312070182463849808
4174275400511963925
4895839551706169711
150346237738035192
8094558378192941181
7101201746112569637
7449943748619623145
8054506481761041699
8210946490246667956
8408462746465814643
4586400319027303861
5912924844580054313
3364542905610852267
3637540459146593639
6462078588552502349
2134546103403896252
2062866308227695223
8960189657666955372
6634081669976872070
8821862535400836271
4158980395689273941
4007677781499505776
9223312736580208164
2134546103403896252
8210946490246667956
6634081669976872070
1683779944957979874
6634081669976872070
8210946490246667956
3637540459146593639
5618009973106783618
8210946490246667956
2134546103403896252
3637540459146593639
2372855255031989844
2402660213727946762
6055730836111072936
150346237738035192
5132287770997008481
2663504857441352179
3040411528460869079
8408462746465814643
8054506481761041699
4025974194735347908
7054693805259195085
6325257491663920767
8210946490246667956
7949782285573189191
5054795717295901724
8389975416451158980
5314502798388440608
7974333403884389740
8486685203742449322
4450190830532737859
6310432278297709323
3637540459146593639
7730418032610618563
1197105577798542682
1118414875132931801
1197105577798542682
2697991130498458712
150346237738035192
1197105577798542682
2134546103403896252
184680029042951182
1394850415876756978
5477688518344384784
2658817033131156372
2134546103403896252
5382485968343106884
7026160129339936585
4586400319027303861
4450190830532737859
5142588962146786921
3637590727421817164
184680029042951182
150346237738035192
1197105577798542682
3788849977924183188
7142452343446082969
7983149601306537815
